version: 1
creator: callgrind-3.11.0
pid: 8179
cmd:  ./slow
part: 1


desc: I1 cache: 
desc: D1 cache: 
desc: LL cache: 

desc: Timerange: Basic block 0 - 1262568193
desc: Trigger: Program termination

positions: line
events: Ir
summary: 8805340117


ob=(2) ???
fl=(14) ???
fn=(430) 0x0000000000400944
0 3

fn=(456) 0x0000000004a267f8
0 3

fn=(268) 0x00000000004004f8
0 6

fn=(210) 0x0000000004a26560
0 6

ob=(4) /usr/lib/valgrind/vgpreload_core-amd64-linux.so
fl=(52) ???
fn=(214) 0x0000000000000690
0 17

fn=(450) 0x00000000000005c0
0 9

fn=(432) 0x0000000000000650
0 8
cob=(3) /lib/x86_64-linux-gnu/libc-2.21.so
cfi=(99) /build/glibc-ryFjv0/glibc-2.21/stdlib/cxa_finalize.c
cfn=(444) __cxa_finalize
calls=1 31 
0 59
cob=(1) /lib/x86_64-linux-gnu/ld-2.21.so
cfi=(63) /build/glibc-ryFjv0/glibc-2.21/elf/../sysdeps/x86_64/dl-trampoline.S
cfn=(254) _dl_runtime_resolve
calls=1 58 
0 716
0 5
0 1
cfn=(450)
calls=1 0 
0 9
0 3

ob=(3)
fl=(99)
fn=(444)
31 4
+17 1
-17 4
+4 4
+4 6
-4 3
+32 4
+4 6
-4 3
+12 2
+3 1
-2 1
+2 6
-2 1
cfi=(100) /build/glibc-ryFjv0/glibc-2.21/nptl/unregister-atfork.c
cfn=(446) __unregister_atfork
calls=1 -44 
* 13

fl=(75) /build/glibc-ryFjv0/glibc-2.21/io/../sysdeps/unix/sysv/linux/wordsize-64/fxstat.c
fn=(310) _fxstat
34 2
-1 2
+1 2
+1 12
+4 2

fl=(80) /build/glibc-ryFjv0/glibc-2.21/stdlib/../stdlib/strtol_l.c
fn=(330) ____strtol_l_internal
231 450000
+26 50000
-12 50000
+12 50000
+28 50000
-35 50000
+38 200000
+9 300000
+2 100000
+5 100000
+5 50000
-6 50000
+6 50000
+4 100000
+10 100000
+10 200000
530 400000
330 100000
-79 50000
375 50000
+3 100000
+61 50000
-56 50000
-5 50000
+1 150000
+60 150000
+16 50000
+22 50000
-38 200000
+16 100000
-16 50000
+2 150000
-4 477788
+2 855576
+2 755576
+28 716682
+3 1115576
+5 238894
+1 1005576
+5 100000
+5 100000
+1 50000
+5 100000
+3 150000
-2 150000
+17 100000
318 150000

fl=(85) /build/glibc-ryFjv0/glibc-2.21/elf/dl-addr.c
fn=(346) _dl_addr
126 9
+5 1
-5 2
+5 2
cob=(1)
cfi=(2) /build/glibc-ryFjv0/glibc-2.21/elf/rtld.c
cfn=(46) rtld_lock_default_lock_recursive
calls=1 689 
* 2
+2 2
cob=(1)
cfi=(86) /build/glibc-ryFjv0/glibc-2.21/elf/dl-open.c
cfn=(354) _dl_find_dso_for_object
calls=1 +49 
* 32
cob=(1)
cfi=(63)
cfn=(254)
calls=1 -75 
* 1159
* 5
+2 2
30 1
+1 1
-1 1
+1 1
+3 2
+5 1
+6 1
-7 1
+2 2
+2 1
-2 1
+2 1
+3 1
+5 9
+2 1
+1 2
-1 1010
+1 2020
+2 3620
+9 1989
+7 22
-2 22
+2 2237
-2 2193
+2 5696
-10 11075
+2 8860
+1 14199
+7 1011
-21 2022
+49 3
+1 1
+1 3
+3 2
+37 2
cob=(1)
cfi=(2)
cfn=(48) rtld_lock_default_unlock_recursive
calls=1 695 
* 2
+3 9
-28 1
+1 1
+21 2

fl=(65) /build/glibc-ryFjv0/glibc-2.21/csu/libc-start.c
fn=(260) (below main)
134 7
+4 1
-4 3
+4 3
+80 1
-80 1
+80 1
+1 4
cfi=(66) /build/glibc-ryFjv0/glibc-2.21/stdlib/cxa_atexit.c
cfn=(262) __cxa_atexit
calls=1 57 
* 61
+22 4
+3 2
+1 5
cob=(5) /home/daniel/temp/kcachegrind/553-a3/slow
cfi=(62) ???
cfn=(266) __libc_csu_init
calls=1 0 
* 56
+4 4
+15 2
+12 2
cfi=(67) /build/glibc-ryFjv0/glibc-2.21/setjmp/../sysdeps/x86_64/bsd-_setjmp.S
cfn=(280) _setjmp
calls=1 30 
* 30
+1 2
+5 2
+1 2
+3 2
+3 6
cob=(5)
cfi=(62)
cfn=(286) main
calls=1 0 
* 8805237513
+34 2
cfi=(96) /build/glibc-ryFjv0/glibc-2.21/stdlib/exit.c
cfn=(404) exit
calls=1 104 
* 2656
138 2

fl=(71) /build/glibc-ryFjv0/glibc-2.21/stdio-common/vfscanf.c
fn=(296) _IO_vfscanf
207 550011
+11 50001
+89 50001
207 50001
+11 50001
+1 50001
+88 100002
-89 50001
+1 50001
+88 150003
+6 150004
+3 250005
+4 100002
+20 50001
-13 50001
+13 50001
-13 50001
+6 50001
+2 150003
+5 50001
-5 50001
+5 300006
2553 50001
243 50001
-30 100002
345 50001
-83 50001
2553 50001
2174 50001
268 50001
2174 100002
266 50001
-1 50001
-7 100002
-1 50001
-1 50001
-1 50001
-32 50001
-11 50001
-1 50001
2174 50001
349 300003
+37 150003
+23 50001
+1 50001
-1 50001
+1 50001
2906 400008
+2 100002
+3 150003
+3 100002
+17 200000
+6 450009
415 100000
313 100000
+3 2
+24 300006
2919 2
455 200004
-6 250005
+24 450009
+5 50001
+16 250005
+10 500010
+80 100002
+5 100002
-1 50001
+1 150003
+1 300006
+3 50001
+1 200004
-1 150003
+1 300006
+6 599952
+3 199966
-3 199966
+3 299983
-3 34
+3 51
-3 200002
+3 100008
+1 50001
+1 300006
-1 50001
+1 350001
cfi=(72) /build/glibc-ryFjv0/glibc-2.21/libio/genops.c
cfn=(324) _IO_sputbackc
calls=50000 726 
* 700000
* 100000
+4 450001
1362 1
+1 1
-2 1
+9 2
-8 50000
+1 50000
-2 50000
+9 500000
+5 200000
452 50000
1384 100000
1698 350000
-9 1444470
+2 577788
+5 1733364
+57 100000
+1 100000
+26 450000
cfi=(72)
cfn=(324)
calls=50000 726 
* 700000
+3 100000
+10 50000
-10 50000
+10 50000
-10 50000
+10 50000
+1 300000
cfi=(79) /build/glibc-ryFjv0/glibc-2.21/stdlib/../stdlib/strtol.c
cfn=(328) __strtol_internal
calls=50000 101 
* 9915668
+4 200000
+3 100000
+2 100000
+4 100000
2341 150000
600 36
cfi=(72)
cfn=(298) __uflow
calls=18 363 
* 2066
* 40
+9 9
501 100002
+3 100002
1370 2
+2 6
1693 238894
+53 477788
+2 238894
-2 477788
+2 955576
+2 238894
-2 238894
+2 2149884
-52 250000
+48 300000
fi=(78) /build/glibc-ryFjv0/glibc-2.21/stdio-common/../sysdeps/pthread/allocalim.h
28 100000
fe=(71)
1746 600000
+4 216
cfi=(72)
cfn=(298)
calls=54 363 
* 5886
* 270
-4 100000
1407 200000
+3 400000
216 50000
2896 200000
1370 3
1754 54
+55 100000
+2 100000
+1 150000
+14 500000

fl=(89) /build/glibc-ryFjv0/glibc-2.21/misc/sbrk.c
fn=(366) sbrk
34 13
+8 13
-8 39
+8 75
+4 26
+4 48
+3 12
cfi=(90) /build/glibc-ryFjv0/glibc-2.21/misc/../sysdeps/unix/sysv/linux/x86_64/brk.c
cfn=(368) brk
calls=12 -22 
* 156
* 24
+4 65
-14 2
cfi=(90)
cfn=(368)
calls=1 -12 
* 13
* 4

fl=(100)
fn=(446)
36 1
-8 2
+11 2
+1 3
+5 1
-6 2
+82 2

fl=(72)
fn=(458) _IO_cleanup
1010 2
+3 1
-3 2
-48 1
+48 1
+3 1
cfn=(460) _IO_flush_all_lockp
calls=1 822 
* 89
-63 1
+63 1
-63 3
+2 9
+2 2
-1 4
+3 4
+6 16
+8 2
+13 3
+1 8
+6 1
-40 3
+40 2
-40 6
+75 7
-55 3
+2 1
+5 1
-5 1
+2 1
+1 1
-1 1
+2 1
+1 1
-1 1
+1 1
+3 5
cfi=(73) /build/glibc-ryFjv0/glibc-2.21/libio/fileops.c
cfn=(462) _IO_file_setbuf@@GLIBC_2.2.5
calls=1 438 
* 66
+3 3

fn=(388) _IO_default_xsputn
451 1
-1 1
-3 6
+3 5
+5 36
+25 58
cfi=(73)
cfn=(384) _IO_file_overflow@@GLIBC_2.2.5
calls=8 795 
* 248
* 16
+2 8
-2 8
+3 8
+1 2
+1 6

fn=(298)
363 72
+2 216
+6 432
+3 144
+2 144
+6 144
+7 144
+1 72
-1 144
cfn=(300) _IO_default_uflow
calls=72 +46 
* 6080
-24 144
+22 216

fn=(460)
822 8
+6 3
+11 2
-1 3
-1 3
+1 3
+3 9
+10 6
+4 3
-2 3
+2 6
+7 3
-27 6
+31 3
+2 2
+4 9
-38 1
-6 1
+5 1
+2 2
+6 12

fn=(314) _IO_setb
399 10
+1 8
+3 2
+2 8
-3 2
+3 4
+3 8

fn=(316) _IO_switch_to_get_mode
183 144
-1 144
+1 72
+3 216
+5 72
-1 144
+1 72
+7 72
-4 72
+2 144
+2 72
+1 72
+1 144

fn=(464) _IO_default_setbuf
557 4
+1 1
-1 2
+1 1
cfi=(73)
cfn=(466) _IO_file_sync@@GLIBC_2.2.5
calls=1 856 
* 13
* 2
+9 1
-7 1
+7 1
-7 1
407 1
-5 1
+1 1
+4 1
570 1
+2 1
-2 2
+1 3
+2 4
400 1
562 1
+1 1
-1 1
+1 1
400 4

fn=(324)
726 100000
+3 100000
-3 100000
+3 200000
+1 200000
+9 100000
+3 200000
-10 200000
+1 200000

fn=(300)
435 72
-1 144
+1 72
cfi=(73)
cfn=(302) _IO_file_underflow@@GLIBC_2.2.5
calls=72 +92 
* 5220
+1 144
+2 284
+1 144

fn=(304) _IO_doallocbuf
415 4
-1 6
+3 8
+1 6
cfi=(74) /build/glibc-ryFjv0/glibc-2.21/libio/filedoalloc.c
cfn=(306) _IO_file_doallocate
calls=2 96 
* 178
* 4
+3 8

fl=(97) /build/glibc-ryFjv0/glibc-2.21/stdlib/cxa_thread_atexit_impl.c
fn=(408) __call_tls_dtors
82 3
+1 2
cob=(1)
cfi=(30) /build/glibc-ryFjv0/glibc-2.21/elf/dl-tls.c
cfn=(414) __tls_get_addr
calls=1 828 
* 11
cob=(1)
cfi=(63)
cfn=(254)
calls=1 -25 
* 1004
* 5
* 3
+18 4

fl=(87) /build/glibc-ryFjv0/glibc-2.21/nptl/register-atfork.c
fn=(356) __linkin_atfork
118 2
+1 6
+2 1

fl=(74)
fn=(306)
96 10
+15 12
cfi=(73)
cfn=(308) _IO_file_stat
calls=2 1217 
* 28
* 4
+2 8
+11 12
+4 12
cfi=(76) /build/glibc-ryFjv0/glibc-2.21/misc/../sysdeps/unix/syscall-template.S
cfn=(312) mmap
calls=2 -47 
* 12
* 4
+1 10
cfi=(72)
cfn=(314)
calls=2 399 
* 42
+1 2
+1 10
-13 1
fi=(102) /build/glibc-ryFjv0/glibc-2.21/libio/../sysdeps/unix/sysv/linux/sys/sysmacros.h
-77 6
fe=(74)
+77 1
-2 2
+5 2

fl=(66)
fn=(262)
57 5
-22 1
+22 1
-22 1
cfn=(264) __new_exitfn
calls=1 +38 
* 39
+2 2
+4 1
+3 1
+1 1
-4 2
+2 1
+4 1
+1 1
+11 4

fn=(264)
73 2
+6 1
-6 1
+6 1
-6 1
+6 4
+2 6
+2 3
-2 1
+10 2
-10 2
+45 1
+1 1
+3 4
+3 5
-52 1
+31 1
+1 2

fl=(58) /build/glibc-ryFjv0/glibc-2.21/ctype/ctype-info.c
fn=(232) __ctype_init
31 5
+2 1
+2 1
-4 1
+4 1
-4 1
+2 3
+2 3

fl=(45) /build/glibc-ryFjv0/glibc-2.21/time/../sysdeps/unix/sysv/linux/x86/time.c
fn=(178) time
30 1
-1 1
+1 6
fi=(46) /build/glibc-ryFjv0/glibc-2.21/time/../sysdeps/generic/dl-hash.h
+18 3
+1 2
+13 2
-17 3
+3 9
+1 6
+13 6
-17 9
+22 1
fe=(45)
-37 2
+2 2
-2 1
+2 1
cfi=(47) /build/glibc-ryFjv0/glibc-2.21/elf/../sysdeps/unix/sysv/linux/dl-vdso.c
cfn=(182) _dl_vdso_vsym
calls=1 -5 
* 6
* 3
+1 2

fl=(91) /build/glibc-ryFjv0/glibc-2.21/stdio-common/printf.c
fn=(376) printf
28 24
+4 3
-4 3
+5 3
-1 15
+1 9
cfi=(92) /build/glibc-ryFjv0/glibc-2.21/stdio-common/vfprintf.c
cfn=(378) vfprintf
calls=3 222 
* 3031
+4 6

fl=(67)
fn=(280)
30 1
+2 1
cfi=(68) /build/glibc-ryFjv0/glibc-2.21/setjmp/../sysdeps/x86_64/setjmp.S
cfn=(282) __sigsetjmp
calls=1 -6 
* 28

fl=(79)
fn=(328)
101 150000
cfi=(80)
cfn=(330)
calls=50000 231 
* 9765668

fl=(88) /build/glibc-ryFjv0/glibc-2.21/malloc/morecore.c
fn=(364) __default_morecore
46 13
+1 13
cfi=(89)
cfn=(366)
calls=13 -13 
* 490
+1 39
+4 26

fl=(44) /build/glibc-ryFjv0/glibc-2.21/csu/../sysdeps/x86_64/multiarch/init-arch.c
fn=(176) __init_cpu_features
54 1
-9 1
+9 1
+3 1
-3 1
+3 8
+99 2
+1 7
+7 3
+4 2
+2 3
+26 2
+5 1
+1 1
+2 1
+1 2
-31 2

ob=(1)
fl=(22) /build/glibc-ryFjv0/glibc-2.21/elf/dl-hwcaps.c
fn=(62) _dl_important_hwcaps
39 8
+3 1
-1 1
+1 1
+9 1
-12 4
+3 1
+9 2
+10 4
+54 3
cfi=(23) /build/glibc-ryFjv0/glibc-2.21/io/../sysdeps/unix/syscall-template.S
cfn=(64) access
calls=1 -34 
* 9
* 2
-2 1
+17 1
+1 1
-1 8
+32 2
+8 2
+2 3
+1 5
+4 2
+4 1
-4 1
+1 1
+3 1
+3 2
+4 6
+1 1
-1 6
+1 1
+18 11
+1 1
-1 2
+1 3
cfi=(15) /build/glibc-ryFjv0/glibc-2.21/elf/dl-minimal.c
cfn=(36) malloc
calls=1 93 
* 29
* 1
+1 1
-1 1
+1 4
+29 1
+3 1
-3 2
+3 1
+28 10
+1 2
-1 2
+1 6
-1 8
+5 7
+3 1
-3 1
+3 2
-3 1
+3 1
-3 2
+3 1
-3 1
+3 2
-3 1
+3 3
+1 24
+1 4
-2 4
+1 8
-1 14
+4 4
+3 1
+2 2
-1 1
-1 2
+2 10
+13 2
+1 1
-1 1
+3 2
-3 2
+1 1
-1 1
+3 2
+3 3
+3 1
-1 1
+1 7
-65 4
cfi=(24) /build/glibc-ryFjv0/glibc-2.21/string/../sysdeps/x86_64/memcpy.S
cfn=(66) mempcpy
calls=1 61 
* 22
+1 2
-1 2
+1 1
cfi=(24)
cfn=(66)
calls=1 61 
* 22
* 4

fl=(16) /build/glibc-ryFjv0/glibc-2.21/string/../sysdeps/x86_64/multiarch/../memcpy.S
fn=(42) memcpy
61 14
+2 14
+2 14
+3 12
+1 12
+2 4
+1 4
+2 4
+1 4
+5 4
+1 4
-1 8
+1 8
+2 5
+1 5
+2 5
+1 10
+5 5
+1 5
-1 7
+1 7
+2 3
+1 3
+2 3
+1 3
+5 3
+1 3
-1 9
+1 9
+2 7
+1 7
+2 7
+1 7
+5 7
+1 7
-1 5
+1 10
+5 5
+1 5
+1 5
+1 5
+2 5
+2 5
+1 5
+2 5
+8 12
+8 6
+6 6
+2 6
+1 6
+3 2
+1 6
+5 2
+1 2
+2 2
+2 2
+1 2
+2 2
-8 5
+1 5
+2 5
+2 5
+1 5
+2 9
+9 2
+1 2
-1 4
+1 4
+3 6
+1 6
+1 6
+5 5
+2 5
+1 5
+1 5
+1 5
+2 5
+1 5
+1 5
+1 5
+2 5
+1 5
+2 5
+22 6
+6 6
+1 6
+2 2

fl=(34) /build/glibc-ryFjv0/glibc-2.21/io/../sysdeps/unix/sysv/linux/wordsize-64/fxstat.c
fn=(114) _fxstat
34 3
-1 3
+1 3
+1 18
+4 3

fl=(27) /build/glibc-ryFjv0/glibc-2.21/string/../sysdeps/x86_64/multiarch/../strchr.S
fn=(72) index
24 7
+1 7
+1 7
+1 7
+1 7
+1 7
+1 7
+1 7
+1 7
+1 7
+1 7
+1 7
+1 7
+1 7
+1 7
+1 7
+1 7
+1 5
+4 5
+1 5
+1 5
+1 5
+2 5
+4 2
+1 2
+1 2
+1 2
+1 2
+1 2
+1 2
+1 2
+1 2
+1 2
+1 2
+1 2
+1 2
+1 2
+1 2
+1 2
+1 2
+1 2
+1 2
+1 2
+1 2
+1 2
+1 2
+1 2
+52 2
+4 2
+1 2
+1 2
+1 2
+2 2

fl=(33) /build/glibc-ryFjv0/glibc-2.21/elf/dl-misc.c
fn=(138) _dl_sysdep_read_whole_file
45 2
+7 1
-7 3
+7 1
-7 1
+1 1
-1 1
+7 1
cfi=(23)
cfn=(106) open
calls=1 +29 
* 5
+1 1
-1 1
+1 1
+2 4
cfi=(34)
cfn=(114)
calls=1 -21 
* 10
* 2
+2 1
+3 1
-3 1
+3 1
+13 2
cfi=(23)
cfn=(124) close
calls=1 +8 
* 5
+3 7
-14 6
cfi=(25) /build/glibc-ryFjv0/glibc-2.21/misc/../sysdeps/unix/syscall-template.S
cfn=(68) mmap
calls=1 +19 
* 6
* 2

fn=(102) _dl_name_match_p
288 200
+1 80
cfi=(17) /build/glibc-ryFjv0/glibc-2.21/string/../sysdeps/x86_64/multiarch/../strcmp.S
cfn=(50) strcmp
calls=40 131 
* 287
* 40
+1 40
-1 40
+3 40
+2 80
+4 41
-4 82
+1 132
cfi=(17)
cfn=(50)
calls=44 131 
* 720
* 88
-5 3
+11 52
-1 37
+1 148

fl=(32) /build/glibc-ryFjv0/glibc-2.21/setjmp/../sysdeps/x86_64/setjmp.S
fn=(96) __sigsetjmp
26 3
+9 3
+1 6
+1 3
+4 3
+1 3
+1 3
+1 3
+1 3
+2 6
+2 3
+1 3
+1 3
+2 6
+2 3
+4 3
+1 3

fl=(25)
fn=(202) munmap
81 4
+1 1

fn=(68)
81 45
+1 9

fn=(118) mprotect
81 24
+1 6

fl=(26) /build/glibc-ryFjv0/glibc-2.21/string/../sysdeps/x86_64/multiarch/../rtld-memset.S
fn=(70) memset
30 13
+1 13
+1 13
+1 2209
+1 13
+1 13

fl=(29) /build/glibc-ryFjv0/glibc-2.21/elf/dl-debug.c
fn=(88) _dl_debug_state
74 2

fn=(84) _dl_debug_initialize
50 8
+5 6
+5 2
-1 1
+1 2
+1 2
-1 2
-9 4
+4 8
+4 1
-1 1
-58 4

fl=(98) /build/glibc-ryFjv0/glibc-2.21/elf/dl-fini.c
fn=(416) _dl_fini
131 8
+22 19
+3 2
cfi=(2)
cfn=(46)
calls=1 689 
* 2
+3 2
+3 2
+2 6
+7 1
+4 1
-4 1
+4 3
+2 2
+3 7
+3 2
+10 8
+2 8
+2 8
+6 4
-6 4
+1 4
-7 4
+8 8
-8 8
+14 2
+5 6
cfn=(418) _dl_sort_fini
calls=1 32 
* 207
+9 2
cfi=(2)
cfn=(48)
calls=1 695 
* 2
+4 4
+2 1
+2 3
-2 3
+2 9
+3 8
+3 12
+4 4
+11 4
+1 2
+1 4
+1 8
+1 4
cob=(4)
cfi=(52)
cfn=(432)
calls=1 0 
* 801
cob=(5)
cfi=(62)
cfn=(420) 0x0000000000400640
calls=1 0 
* 16
-1 8
+5 4
+1 6
cob=(2)
cfi=(14)
cfn=(456)
calls=1 0 
* 3
cob=(2)
cfi=(14)
cfn=(430)
calls=1 0 
* 3
+5 24
+16 8
-55 9
+11 6
+49 6
+6 2
+7 8

fn=(418)
32 9
+2 1
-2 3
+2 1
+6 1
-1 3
+2 1
-2 1
+1 1
-1 2
+1 3
+1 1
-1 1
+1 1
cfi=(26)
cfn=(70)
calls=1 -11 
* 14
+15 3
+62 15
+3 14
cfi=(26)
cfn=(70)
calls=2 -91 
* 18
* 3
-76 9
+1 9
+4 15
+6 3
+1 3
-1 3
+1 3
+2 15
+1 7
+2 9
+1 6
+19 1
+43 8
-32 9
+21 3
-57 8

fl=(8) /build/glibc-ryFjv0/glibc-2.21/elf/../sysdeps/unix/sysv/linux/x86_64/brk.c
fn=(14) brk
31 1
-3 1
+3 6
+8 1
-6 2
+7 1

fl=(30)
fn=(86) _dl_count_modids
115 2
+1 2

fn=(142) _dl_next_tls_modid
49 1
+3 4
+48 1
+4 2

fn=(414)
828 1
+2 3
+3 3
+2 2
+3 1
+1 1

fn=(158) _dl_allocate_tls_storage
354 3
+2 1
+11 3
cfi=(15)
cfn=(40) __libc_memalign
calls=1 51 
* 49
* 1
+1 1
-1 1
+1 1
+7 1
+4 1
-57 1
+57 296
-58 2
+1 2
cfi=(15)
cfn=(32) calloc
calls=1 102 
* 38
* 1
+1 2
+9 1
-6 1
+70 1
-64 1
+64 4

fn=(196) _dl_allocate_tls_init
450 2
-1 7
+5 1
+6 3
-6 1
+6 1
+12 1
-15 1
-1 1
+16 2
+5 7
+6 7
+23 2
+1 4
+2 2
+1 1
+10 1
-10 1
+8 4
+1 1
+1 2
cfi=(24)
cfn=(66)
calls=1 61 
* 23
* 5
cfi=(26)
cfn=(70)
calls=1 30 
* 118
* 3
-43 5
+6 2
+3 1
+1 2
+6 3
+1 2
+3 2
-1 2
+38 2
+2 1
+1 8

fn=(156) _dl_determine_tlsoffset
138 7
+6 3
+3 2
+36 3
+2 10
+3 1
-1 1
+5 2
-4 1
-1 3
+3 2
+2 4
+16 3
+2 1
+1 1
-3 2
+2 2
+10 1
-37 2
+25 1
-25 4
+40 4
+1 1
+51 1
+1 8

fn=(194) _dl_add_to_slotinfo
889 3
+9 1
-9 1
+6 2
+8 5
+41 1
+1 3
+1 4

fl=(31) /build/glibc-ryFjv0/glibc-2.21/elf/dl-error.c
fn=(144) _dl_receive_error
205 10
+1 1
cfi=(2)
cfn=(94) _dl_initial_error_catch_tsd
calls=1 649 
* 2
+5 1
-1 1
-4 1
+9 1
+2 1
-3 1
+3 1
cfi=(2)
cfn=(146) version_check_doit
calls=1 514 
* 2841
+2 1
+1 1
+1 8

fn=(92) _dl_catch_error
163 6
+15 3
-3 6
+1 6
-13 6
+14 6
+1 3
+2 3
cfi=(2)
cfn=(94)
calls=3 649 
* 6
+2 3
-1 3
+4 3
-5 3
+2 3
+3 3
-4 3
+4 3
cfi=(32)
cfn=(96)
calls=3 26 
* 60
* 9
+2 9
cfi=(37) /build/glibc-ryFjv0/glibc-2.21/elf/dl-deps.c
cfn=(128) openaux
calls=2 60 
* 7081
cfi=(2)
cfn=(98) map_doit
calls=1 481 
* 2467
+1 6
+2 3
+1 3
-3 3
+1 6
+1 3
+9 3
-8 3
+8 9

fl=(20) /build/glibc-ryFjv0/glibc-2.21/posix/../sysdeps/unix/syscall-template.S
fn=(58) uname
81 4
+1 1

fl=(17)
fn=(50)
131 193
+1 193
+1 193
+1 120
+1 120
+1 120
+1 120
cfn=(51) strcmp'2
calls=120 -6 
* 8877
+5 73
+1 73
+1 73
+1 73

fn=(51)
131 1237
+1 1237
+1 1237
+1 1226
+1 1226
+1 1226
+1 1226
cfn=(51)
calls=1117 -6 
* 48868
+2 109
+1 109
+2 11
+1 11
+1 11
+1 11

fl=(51) /build/glibc-ryFjv0/glibc-2.21/elf/dl-init.c
fn=(208) call_init.part.0
28 20
+8 4
+3 4
-3 8
+3 12
+5 21
+5 4
+9 14
cob=(3)
cfi=(53) /build/glibc-ryFjv0/glibc-2.21/csu/../csu/init-first.c
cfn=(222) _init
calls=1 -6 
* 179
cob=(2)
cfi=(14)
cfn=(210)
calls=1 -58 
* 6
* 2
+4 4
+6 2
+2 4
-2 4
+3 10
+1 8
cob=(3)
cfi=(59) /build/glibc-ryFjv0/glibc-2.21/string/../sysdeps/x86_64/multiarch/../cacheinfo.c
cfn=(234) init_cacheinfo
calls=1 561 
* 1113
cob=(4)
cfi=(52)
cfn=(214)
calls=1 -72 
* 17
* 4
cob=(3)
cfi=(61) /build/glibc-ryFjv0/glibc-2.21/elf/dl-altinit.c
cfn=(242) dlinit_alt
calls=1 -39 
* 4
* 3
-1 6
+3 24
-29 3
-5 3

fn=(206) _dl_init
80 11
+1 1
+1 1
+3 3
+8 2
+1 2
+25 15
+1 12
-90 20
cfn=(208)
calls=3 -2 
* 1406
* 3
+96 8
-96 2
+58 2
+16 1
cfn=(208)
calls=1 -76 
* 77
* 1

fl=(28) /build/glibc-ryFjv0/glibc-2.21/string/strdup.c
fn=(78) strdup
40 12
+1 3
cfi=(9) /build/glibc-ryFjv0/glibc-2.21/string/../sysdeps/x86_64/rtld-strlen.S
cfn=(18) strlen
calls=3 -15 
* 188
* 3
+1 6
cfi=(15)
cfn=(36)
calls=3 +51 
* 87
* 3
+2 6
+4 3
-1 6
+1 6
-1 6
cfi=(16)
cfn=(42)
calls=3 +14 
* 106

fl=(6) /build/glibc-ryFjv0/glibc-2.21/elf/dl-lookup.c
fn=(10) _dl_setup_hash
897 12
+4 4
+4 8
+2 4
-1 4
+3 12
+1 4
+1 4
+3 4
-3 4
+7 4
-4 4
-1 4
+3 4
+2 4
-7 4
+7 4
+1 4

fn=(172) check_match
92 425
+1 85
-1 85
+1 85
+2 765
+12 510
+3 412
cfi=(17)
cfn=(50)
calls=18 +21 
* 1597
* 36
+5 85
-1 85
+1 85
+2 166
+19 166
+1 664
+46 595
-18 4
+2 2
+1 6
-1 10
-29 249
cfi=(17)
cfn=(50)
calls=83 -7 
* 7194
* 166

fn=(168) _dl_lookup_symbol_x
752 910
514 91
752 455
514 455
+1 91
-1 91
+1 273
-1 273
+1 1150
-1 1150
+1 3450
-1 3541
754 91
+4 91
+4 91
-8 91
+1 182
+7 257
+7 91
-2 91
+2 91
-2 91
+6 91
-7 91
+7 91
-7 91
+7 819
+8 6
-8 30
+2 1183
cfn=(170) do_lookup_x
calls=91 355 
* 37763
+3 273
+26 273
+22 85
+1 595
+26 85
+9 425
+14 255
+3 340
+5 85
+2 728
-80 42
+16 6
+1 12
+54 2

fn=(170)
355 728
+1 91
-1 546
+48 91
-30 182
+30 91
-41 91
+44 91
-3 182
+3 182
-33 91
+33 91
-33 91
+33 364
-40 182
+3 182
-3 390
+3 390
+4 572
+4 572
+4 572
+6 858
+8 286
-4 286
+1 286
+3 572
+1 858
+3 286
+1 572
+4 572
+3 286
-5 286
+5 858
+3 2002
+89 1094
+1 52
cfi=(33)
cfn=(102)
calls=26 288 
* 1108
* 78
+3 603
+3 12
+1 728
-37 115
+12 170
+1 85
+1 170
-70 360
-1 180
+2 180
+2 1170
+13 276
-10 885
+2 170
+1 425
-1 170
+1 170
+1 85
-1 255
-1 85
+1 255
cfn=(172)
calls=85 92 
* 13477
+4 255
197 25
461 10
+5 640
+35 15
-62 680

fl=(38) /build/glibc-ryFjv0/glibc-2.21/io/../sysdeps/unix/sysv/linux/wordsize-64/xstat.c
fn=(134) _xstat
34 4
-1 4
+1 4
+1 24
+4 1
-4 12

fl=(21) /build/glibc-ryFjv0/glibc-2.21/elf/dl-load.c
fn=(60) _dl_init_paths
659 1
+13 2
-13 8
+13 3
cfi=(22)
cfn=(62)
calls=1 39 
* 346
+5 1
-5 1
+5 1
cfi=(15)
cfn=(36)
calls=1 93 
* 29
* 1
+1 1
-1 1
-1 1
+2 1
+8 1
-1 1
+1 3
-1 3
+5 1
-5 1
+5 1
cfi=(15)
cfn=(36)
calls=1 93 
* 53
* 1
+2 1
-3 1
+3 1
+17 1
+12 1
-9 2
-14 1
+1 1
+10 1
+12 1
-11 1
+2 1
+1 2
+8 33
cfi=(26)
cfn=(70)
calls=4 30 
* 88
* 35
-14 3
+2 3
+1 3
+2 6
-3 3
+4 9
+4 3
-3 3
+3 3
-3 6
+7 1
+11 1
-5 1
+1 1
+5 2
+2 4
+2 3
+38 5
+8 3
cfi=(27)
cfn=(72)
calls=1 24 
* 23
* 2
+2 2
cfi=(9)
cfn=(18)
calls=1 26 
* 73
* 8
cfi=(16)
cfn=(42)
calls=1 61 
* 31
* 4
+19 1
+1 3
+1 1
-4 3
+2 13
+1 39
+1 13
-4 40
+8 1
cfi=(15)
cfn=(36)
calls=1 93 
* 29
* 1
+1 1
-2 1
+2 1

ob=(3)
fl=(44)
fn=(176)
175 1
+6 2
+2 1
+2 2
+1 1
+2 2

ob=(1)
fl=(21)
fn=(60)
817 9
cfn=(74) fillin_rpath
calls=1 431 
* 661
+4 5
+6 1
+4 8
-75 1
-2 1
+2 2
+14 2

fn=(104) open_verify
1683 12
+36 1
-36 2
+36 2
+21 4
cfi=(23)
cfn=(106)
calls=1 81 
* 5
+1 1
-1 1
+1 1
+10 1
+1 2
+5 6
cfi=(23)
cfn=(108) read
calls=1 81 
* 5
+2 2
+2 1
+2 1
-2 2
+2 1
+6 2
+16 6
cfi=(12) /build/glibc-ryFjv0/glibc-2.21/string/../string/memcmp.c
cfn=(26) bcmp
calls=1 315 
* 96
* 11
cfi=(12)
cfn=(26)
calls=1 315 
* 87
* 3
+74 2
+5 2
+2 4
+6 2
+11 2
+6 1
+1 1
-1 4
+1 3
+1 2
+20 61
+2 19
+4 4
+1 2
+13 1
+1 1
-1 1
+1 1
-1 1
+1 1
-2 1
+4 3
-7 4
cfi=(12)
cfn=(26)
calls=1 315 
* 80
* 2
+51 1
-67 1
+67 9

fn=(130) open_path
1992 8
+1 1
+6 1
-6 1
+6 1
+5 11
-7 1
-1 2
+8 5
+66 3
+8 4
-62 1
-9 1
+9 1
+7 4
cfi=(24)
cfn=(66)
calls=1 61 
* 31
+1 1
-1 1
+1 4
+3 8
+4 32
cfi=(24)
cfn=(66)
calls=4 61 
* 85
* 16
cfi=(24)
cfn=(66)
calls=4 61 
* 92
+3 4
+3 4
-3 4
+3 4
+3 28
cfn=(132) open_verify.constprop.8
calls=4 1681 
* 168
* 4
+2 12
+2 8
+5 8
+1 36
+6 4
+2 4
-2 4
+2 8
-2 4
+2 4
cfi=(38)
cfn=(134)
calls=4 34 
* 49
* 8
+1 9
+9 2
-44 3
+35 6
+9 6
-44 15
+85 5
+7 1
-2 1
+2 3
+3 3
+14 1
-27 1
+27 7
2024 3
+37 6

fn=(132)
1681 50
+38 5
-38 10
+38 20
+21 20
cfi=(23)
cfn=(106)
calls=5 81 
* 41
+1 5
-1 5
+1 5
+10 1
+1 2
+5 6
cfi=(23)
cfn=(108)
calls=1 81 
* 5
+2 2
+2 1
+2 1
-2 2
+2 1
+6 2
+16 6
cfi=(12)
cfn=(26)
calls=1 315 
* 94
* 11
cfi=(12)
cfn=(26)
calls=1 315 
* 87
* 3
+74 2
+5 2
+2 4
+6 2
+11 2
+6 1
+1 1
-1 4
+1 3
+1 2
+20 45
+2 17
+4 4
+1 2
+13 1
+1 1
-1 1
+1 1
-1 1
+1 1
-2 1
+4 3
+5 1
+1 1
-13 4
cfi=(12)
cfn=(26)
calls=1 315 
* 72
* 4
cfi=(12)
cfn=(26)
calls=1 315 
* 80
* 4
+16 2
+6 1
-3 1
+1 1
+1 1
+1 2
-3 1
+1 1
+3 1
-3 1
+1 1
-1 2
-1 1
+4 2
+28 1
-67 1
+67 11
-23 4
+23 28
1785 4
cfi=(12)
cfn=(26)
calls=1 315 
* 96
* 3

fn=(74)
431 8
+2 1
-2 9
+5 1
cfi=(15)
cfn=(76) strsep
calls=1 -98 
* 238
* 4
-66 3
cfi=(27)
cfn=(72)
calls=1 24 
* 23
* 2
+4 2
cfi=(28)
cfn=(78)
calls=1 40 
* 122
* 1
+68 2
cfi=(9)
cfn=(18)
calls=1 26 
* 44
+4 1
-4 1
+4 1
+22 18
+1 8
+57 2
cfi=(15)
cfn=(82) free
calls=1 121 
* 3
* 1
* 2
-90 1
cfi=(15)
cfn=(76)
calls=1 -98 
* 6
* 3
+94 1
+3 9
-46 2
+4 8
-1 1
cfi=(15)
cfn=(36)
calls=1 93 
* 29
* 1
+3 1
-3 1
+3 3
+5 1
+1 3
-2 1
+2 1
cfi=(24)
cfn=(66)
calls=1 61 
* 31
+3 1
-3 1
+3 1
-2 1
+2 1
+6 4
+1 14
+1 10
+3 1
-1 2
+1 1
+7 1
+1 1
+3 2
-4 2
-67 8
+8 1
-3 3
+3 2
+26 2
+31 2

fn=(110) _dl_map_object_from_fd
868 24
+11 2
-11 2
+11 2
-11 4
+11 2
cfi=(29)
cfn=(84)
calls=2 50 
* 16
+4 6
-4 2
+4 2
cfi=(34)
cfn=(114)
calls=2 34 
* 20
* 4
+11 14
+1 6
-1 15
+1 20
1432 16
912 4
+25 4
+10 4
+22 8
+32 4
880 2
1004 14
cfi=(13) /build/glibc-ryFjv0/glibc-2.21/elf/dl-object.c
cfn=(28) _dl_new_object
calls=2 61 
* 1001
+1 2
-1 2
+1 2
+11 2
+1 2
+1 2
-2 2
+1 2
-1 2
+4 4
+1 2
-1 2
-2 2
+2 2
+1 6
+1 2
+19 4
+8 2
-8 12
+8 2
-8 4
+8 2
+88 16
-87 32
-1 136
+1 95
+6 4
+1 6
+1 2
+9 20
+5 32
+9 12
-1 12
+1 4
+1 8
+3 4
-3 4
+1 4
+3 4
+4 4
-7 4
+1 8
+1 4
+1 4
+4 4
+1 12
+5 2
-1 2
+1 2
-16 2
+15 2
+1 10
+10 2
-10 2
-1 2
+1 2
-16 2
+15 2
+1 10
+10 2
-45 2
+1 1
+47 3
+4 1
+1 1
+1 1
-1 1
+1 1
+3 3
+1 2
+3 2
+4 4
+6 1
cfi=(30)
cfn=(142)
calls=1 49 
* 8
* 2
+1 1
+59 6
+1 4
+1 2
-6 4
+1 2
+8 4
1017 2
1206 2
1017 2
1206 2
+10 4
fi=(35) /build/glibc-ryFjv0/glibc-2.21/elf/./dl-map-segments.h
56 4
fe=(21)
1216 6
fi=(35)
56 2
fe=(21)
1216 2
fi=(35)
50 2
fe=(21)
1216 4
fi=(35)
56 2
-6 4
+6 6
cfi=(25)
cfn=(68)
calls=2 +25 
* 12
+4 2
-4 2
+4 4
+3 4
+1 2
+2 2
-2 2
-1 2
+3 2
+10 4
-39 2
+39 2
fi=(36) /build/glibc-ryFjv0/glibc-2.21/elf/./dl-load.h
+14 8
+1 6
+2 8
fi=(35)
+7 16
+45 4
-59 20
+2 4
+2 2
-2 4
+2 20
cfi=(25)
cfn=(68)
calls=2 -9 
* 12
* 8
+16 2
+2 2
-2 2
+1 2
+2 2
-1 2
+1 2
-1 6
+8 4
+3 4
+8 16
cfi=(26)
cfn=(70)
calls=2 -97 
* 2004
* 6
+6 4
+4 8
cfi=(25)
cfn=(68)
calls=1 -56 
* 6
+3 2
-67 8
-1 10
cfi=(25)
cfn=(118)
calls=2 +9 
* 10
* 2
fe=(21)
1228 8
+9 4
fi=(3) /build/glibc-ryFjv0/glibc-2.21/elf/get-dynamic-info.h
39 2
fe=(21)
1237 2
fi=(3)
39 2
+6 2
-2 2
+2 4
+15 2
+5 2
+3 2
+2 2
-3 2
-3 2
-3 36
+10 8
-26 24
+16 35
+10 35
-26 105
+26 2
-26 6
+2 90
+13 40
+2 8
+3 8
+13 4
+20 7
+1 8
+1 8
+1 8
+2 8
+5 8
+1 7
+1 8
+6 6
+5 4
+7 4
+1 6
+16 6
+5 1
+2 1
-2 1
+2 1
+2 2
+2 2
+3 6
+10 1
-8 3
+8 1
+5 2
+3 4
fe=(21)
1244 8
+15 6
+19 4
+2 10
+54 6
+1 2
+3 2
cfi=(23)
cfn=(124)
calls=1 81 
* 5
* 2
cfi=(23)
cfn=(124)
calls=1 81 
* 5
* 4
+9 4
+2 6
+2 2
-2 2
+2 2
+16 4
cfi=(6)
cfn=(10)
calls=2 897 
* 46
+4 4
+1 4
+17 4
+1 1
+3 1
+5 1
-5 1
+1 2
+4 1
-5 1
+5 1
-5 1
+1 2
+4 1
+10 6
cfi=(13)
cfn=(44) _dl_add_to_namespace_list
calls=2 32 
* 84
+4 8
fi=(3)
68 8
+1 2
+1 6
fi=(36)
+24 5
+2 3
-1 1
+1 2
-1 1
+1 2
-1 3
+3 3
fe=(21)

fn=(100) _dl_map_object
2141 24
+7 3
-7 6
+7 3
+1 9
+3 42
+5 49
+2 21
cfi=(33)
cfn=(102)
calls=7 288 
* 492
* 14
+4 12
+1 18
+3 2
+1 2
+1 2
-1 2
+1 2
cfi=(17)
cfn=(50)
calls=2 131 
* 21
* 4
2412 1
+15 24
2186 10
+9 6
+26 4
-2 2
+2 2
cfi=(27)
cfn=(72)
calls=2 24 
* 46
* 4
2358 2
370 3
cfi=(27)
cfn=(72)
calls=1 24 
* 47
* 2
+4 2
cfi=(28)
cfn=(78)
calls=1 40 
* 175
2359 1
-3 1
+3 2
+4 9
cfn=(104)
calls=1 1683 
* 471
+3 1
-3 1
+3 3
+11 2
+3 6
+44 2
+1 8
-1 2
+1 14
cfn=(110)
calls=2 868 
* 4930
* 4
2225 2
cfi=(9)
cfn=(18)
calls=1 26 
* 63
* 1
+2 1
-2 1
+2 1
+7 4
+35 2
+1 14
cfn=(130)
calls=1 1992 
* 752
+6 2
-6 1
+6 1
636 1
2277 1
636 2
2285 2
+2 3
+4 2
cfi=(39) /build/glibc-ryFjv0/glibc-2.21/elf/dl-cache.c
cfn=(136) _dl_load_cache_lookup
calls=1 185 
* 1417
+2 1
-2 1
+2 1
+4 2
+8 3
+23 8
cfn=(132)
calls=1 1681 
* 650
+4 1
-4 1
+4 1
+1 1
+17 2
+28 4
2243 1
-5 2
+5 1
+3 2
-3 1
+3 7
-3 3
636 1
2244 1
636 2
2258 3
+1 8
636 1
2260 1
636 2

fl=(12)
fn=(26)
315 26
+3 13
-3 26
+4 13
-4 39
+7 26
+4 12
+2 1
+1 1
+1 1
+1 1
+2 2
-5 3
+1 3
+1 3
+1 3
+2 6
+2 4
-9 12
+16 12
+1 4
129 14
-18 4
346 4
+4 2
+2 2
-2 4
+1 2
+5 22
+2 9
+1 9
+1 9
+3 110
-3 60
-2 60
+1 60
+4 180
-7 134
+13 9
-1 9
+1 67
-5 4
+5 28
-24 2
221 2
+1 2
345 2
226 2
-4 2
+6 2
-2 2
+2 12
-95 2
+1 2
+1 2
+1 2
+1 2
+48 2
-2 2
+1 2
+1 14
-80 2
+1 4
+4 4
-5 8
+1 16
+4 18
234 2
+2 2
-4 2
+1 2
+4 2
-2 2
+56 4
-2 2
+2 4
-1 2
+1 4
+1 4
+12 10
+1 4
-6 4

fl=(7) /build/glibc-ryFjv0/glibc-2.21/elf/../elf/dl-sysdep.c
fn=(198) _dl_sysdep_start_cleanup
256 1

fn=(12) _dl_sysdep_start
86 7
+25 1
-1 1
+1 1
-25 1
+25 225
+3 1
-3 1
+4 1
-1 1
+3 1
-6 1
+6 7
+1 3
-1 6
+1 105
-1 82
fi=(19) /build/glibc-ryFjv0/glibc-2.21/elf/../sysdeps/unix/sysv/linux/dl-sysdep.c
-82 2
cfi=(8)
cfn=(14)
calls=1 -4 
* 12
fi=(5) /build/glibc-ryFjv0/glibc-2.21/elf/../sysdeps/x86_64/dl-machine.h
201 5
fe=(7)
+33 2
cfi=(10) /build/glibc-ryFjv0/glibc-2.21/elf/../misc/sbrk.c
cfn=(20) sbrk
calls=1 34 
* 17
* 3
+12 3
+3 6
cfi=(2)
cfn=(22) dl_main
calls=1 742 
* 95941
+1 1
+1 8
151 1
+1 1
+27 1
+1 1
-17 1
+1 1
-7 1
+1 1
-4 1
+1 1
-25 1
+1 1
-4 1
+1 1
-7 1
+1 1
+2 1
+1 1
232 1
cfi=(9)
cfn=(18)
calls=1 26 
* 42
* 2

fl=(42) /build/glibc-ryFjv0/glibc-2.21/elf/dl-reloc.c
fn=(162) _dl_relocate_object
154 40
+15 4
-15 8
+15 4
+1 16
+6 8
+6 12
-18 8
+22 8
+7 4
-32 4
+32 4
+45 4
fi=(5)
71 8
fe=(42)
238 8
fi=(5)
71 10
+6 6
+4 9
+14 3
-8 3
+8 6
+13 6
+3 18
fe=(42)
264 162
-99 15
fi=(5)
277 24
fe=(42)
-13 3
fi=(4) /build/glibc-ryFjv0/glibc-2.21/elf/do-rel.h
58 3
fe=(42)
264 3
fi=(4)
48 3
-1 6
+11 6
fe=(42)
264 1
-99 5
fi=(5)
277 8
fe=(42)
-13 1
fi=(4)
58 1
fe=(42)
264 1
fi=(4)
48 1
-1 2
+11 2
fe=(42)
264 4
fi=(4)
58 4
fe=(42)
264 4
fi=(4)
48 4
-1 8
+11 8
+3 12
fi=(5)
504 32
+4 32
+2 48
+1 16
fi=(4)
61 60
+2 63
+2 16
-4 3
+13 6
+1 5
+1 10
fi=(5)
504 5
+24 5
fi=(4)
75 5
fi=(5)
528 5
+2 5
cob=(3)
cfi=(49) /build/glibc-ryFjv0/glibc-2.21/string/../sysdeps/x86_64/multiarch/memmove.c
cfn=(190) memcpy@GLIBC_2.2.5
calls=1 51 
* 10
cob=(3)
cfi=(48) /build/glibc-ryFjv0/glibc-2.21/time/../sysdeps/unix/sysv/linux/x86/gettimeofday.c
cfn=(186) gettimeofday
calls=1 30 
* 66
cob=(3)
cfi=(43) /build/glibc-ryFjv0/glibc-2.21/string/../sysdeps/x86_64/multiarch/strcmp.S
cfn=(184) strncasecmp
calls=1 140 
* 6
cob=(3)
cfi=(45)
cfn=(178)
calls=1 30 
* 66
cob=(3)
cfi=(43)
cfn=(174) strcasecmp
calls=1 114 
* 100
fi=(4)
75 5
fi=(5)
531 5
fi=(4)
75 21
fe=(42)
264 16
+3 12
+32 4
+3 12
+17 12
+2 32
fi=(4)
84 5
+2 10
+12 5
-15 5
+15 5
-15 5
+15 5
+10 6
+3 8
fi=(5)
488 2
fi=(4)
112 4
fi=(5)
488 1194
fi=(4)
112 2380
fi=(5)
488 2380
+5 2384
+1 2384
fi=(4)
111 2384
fi=(5)
494 1192
fi=(4)
111 1192
+7 15
+3 4
+3 4
-3 4
+3 10
fi=(5)
423 6
fi=(4)
127 372
+9 186
+3 186
fi=(5)
245 93
fi=(4)
138 93
-2 93
+1 372
fi=(5)
245 93
+21 186
+4 186
+7 1666
fi=(4)
137 74
fi=(5)
277 148
fi=(4)
138 74
fi=(5)
277 74
fi=(4)
137 74
fi=(5)
277 168
fi=(4)
137 5
fi=(5)
277 10
fi=(4)
138 5
fi=(5)
277 5
fi=(4)
137 5
fi=(5)
277 1116
cfi=(6)
cfn=(168)
calls=79 752 
* 48430
* 632
+2 246
+3 91
-3 182
+3 273
+6 558
fe=(42)
183 8
+81 5
fi=(5)
411 164
fi=(4)
124 282
+19 6
fi=(5)
277 43
fi=(4)
108 3
fi=(5)
383 30
+4 70
+5 30
-71 2
+1 3
fe=(42)
+6 4
-1 8
+1 4
-1 8
+2 8
+3 8
+1 12
cfi=(25)
cfn=(118)
calls=4 81 
* 20
* 8
fi=(5)
-47 8
-9 39
fi=(4)
160 6
+2 20
+8 10
+1 5
-1 5
+1 5
fi=(5)
+74 5
fi=(4)
-75 10
fi=(5)
+75 5
+21 10
+4 10
+7 170
cfi=(6)
cfn=(168)
calls=5 752 
* 2502
* 35
+2 15
+3 1
-3 2
+3 3
+6 30
411 15
fi=(4)
160 15
+14 4
fi=(5)
277 15
fe=(42)

fl=(86)
fn=(354)
182 5
+1 4
+1 12
+1 2
+3 2
+4 1
-9 6

fl=(19)
fn=(56) _dl_discover_osversion
45 7
+2 3
+85 8
-45 3
cfi=(20)
cfn=(58)
calls=1 -6 
* 5
* 1
+15 1
-15 1
+20 1
-1 1
+3 12
+4 3
-2 6
+2 9
+7 3
-1 3
+4 3
-2 3
+2 10
+5 2

fl=(23)
fn=(64)
81 12
+2 15

fn=(106)
81 28
+1 3
+1 20

fn=(108)
81 8
+1 2

fn=(124)
81 12
+1 3

fl=(37)
fn=(128)
60 4
+7 2
-4 6
+1 2
-1 2
+1 2
-1 10
cfi=(21)
cfn=(100)
calls=2 2141 
* 7047
* 2
+5 4

fn=(126) _dl_map_object_deps
161 1
-1 1
+1 1
-1 5
+1 1
-1 2
+1 1
-1 2
+1 1
-1 1
+1 3
-15 1
+15 1
-17 1
+1 1
+1 1
+6 3
+26 1
-26 1
+26 7
-34 1
+2 1
+33 2
-33 1
-2 1
+2 2
-2 1
+1 1
+1 1
+6 3
+26 1
-26 1
+26 5
+4 1
+21 1
+1 1
-22 2
+19 1
-12 1
+15 1
-16 3
+13 1
317 9
217 1
-4 1
-4 1
+8 4
-4 3
-4 3
+8 3
+12 4
+2 2
+11 2
-5 2
-6 4
+5 2
+2 4
+1 4
+3 14
+50 6
+1 3
-51 192
+1 96
+6 10
cfi=(27)
cfn=(72)
calls=2 24 
* 70
* 4
+5 10
-3 2
+3 2
cfi=(31)
cfn=(92)
calls=2 -91 
* 7205
+2 6
+15 2
+2 4
+15 2
-10 2
+6 2
-6 2
+8 2
-8 2
+10 2
-7 2
+7 2
-6 2
+1 2
+5 2
-4 2
+4 4
+7 138
459 12
+2 6
+3 4
-1 2
cfi=(15)
cfn=(36)
calls=2 93 
* 58
* 2
+2 2
-2 2
+2 2
+4 8
-1 2
+1 2
cfi=(16)
cfn=(42)
calls=2 61 
* 41
+1 10
cfi=(16)
cfn=(42)
calls=2 61 
* 41
+4 2
-1 2
+5 22
+7 6
+1 1
+3 4
+11 3
-1 1
cfi=(15)
cfn=(36)
calls=1 93 
* 29
* 1
+3 1
-3 1
+3 1
+5 3
+1 1
-1 5
+1 2
+8 3
+4 1
-10 1
+10 2
-10 2
-2 3
+8 9
+4 3
-10 3
+10 6
-10 6
+13 3
+51 5
+2 3
+42 2
+1 2
-1 4
+1 2
cfi=(26)
cfn=(70)
calls=1 30 
* 14
* 1
-2 9
+7 1
-1 1
+1 1
-1 2
+7 1
-7 1
+7 2
-13 2
+7 2
-1 2
+1 2
-1 4
+7 2
-7 2
+7 6
+2 8
+1 4
-1 4
+1 3
+2 9
+1 6
+28 18
cfi=(26)
cfn=(70)
calls=2 30 
* 18
* 10
-6 3
-28 6
+31 10
-6 2
+16 2
+2 1
+1 1
-1 1
+2 3
+7 3
+3 3
+3 8
481 9
-1 4
+1 10
202 2
+16 23
+2 2
+2 8
+2 22
+5 2
-5 6
+5 10
-19 4
611 8
cfi=(16)
cfn=(42)
calls=1 61 
* 28
+2 1
-38 1
+38 1
-2 6
209 2

fl=(63)
fn=(254)
58 7
+3 7
+1 7
+1 7
+1 7
+1 7
+1 7
+1 7
+5 7
+1 7
+1 7
+1 7
+10 7
+1 7
+1 7
cfi=(64) /build/glibc-ryFjv0/glibc-2.21/elf/../elf/dl-runtime.c
cfn=(256) _dl_fixup
calls=7 -21 
* 6123
+1 7
+5 7
+1 7
+1 7
+1 7
+9 7
+1 7
+1 7
+1 7
+1 7
+1 7
+1 7
+2 7
+2 7

fl=(13)
fn=(44)
32 15
+2 6
cfi=(2)
cfn=(46)
calls=3 689 
* 6
+2 3
-2 3
+2 19
+3 15
+2 2
+2 2
+4 2
+4 2
-4 4
+1 2
+4 4
-4 2
+1 2
+3 2
-3 2
+2 4
cfi=(2)
cfn=(48)
calls=2 695 
* 4
-4 1
+4 1
-4 2
+1 1
+4 2
-4 1
+1 1
+3 1
-3 1
+2 2
cfi=(2)
cfn=(48)
calls=1 695 
* 2
-5 2

fn=(28)
61 42
+1 3
cfi=(9)
cfn=(18)
calls=3 -36 
* 154
+6 3
-6 6
+6 6
+7 12
cfi=(15)
cfn=(32)
calls=3 +27 
* 120
* 3
+3 3
-3 3
+3 3
+4 3
+5 6
-6 3
+6 3
-5 3
+4 6
+1 3
cfi=(16)
cfn=(42)
calls=3 -26 
* 88
+10 3
-10 3
+10 3
-8 3
+9 6
-1 9
+1 9
+3 3
-4 3
+1 3
+3 3
+9 3
-7 3
+4 3
+3 8
+2 2
-2 2
+2 30
-2 30
+12 3
+6 3
-5 3
-1 3
+6 15
+2 2
+3 2
-3 2
+3 2
-3 4
+7 6
+4 14
+2 2
+6 1
+6 1
-3 2
+3 3
-3 4
+3 2
+2 4
+4 2
-4 2
cfi=(9)
cfn=(18)
calls=2 26 
* 144
+4 2
-4 8
+4 6
+64 4
+4 24
68 30
+75 4
-41 6
+24 1
+7 5
+78 6
cfi=(24)
cfn=(66)
calls=2 61 
* 71
* 42
+6 40
-1 40
+1 42
-1 2
+1 6
+5 4
-57 4
cfi=(15)
cfn=(36)
calls=2 -72 
* 58
* 2
+1 2
-1 2
+1 6

fl=(24)
fn=(66)
61 15
+4 15
+3 14
+1 14
+2 5
+1 5
+2 5
+1 5
+5 5
+1 5
-1 9
+1 9
+2 10
+1 10
+2 10
+1 10
+5 10
+1 10
-1 4
+1 4
+2 5
+1 5
+2 5
+1 5
+5 5
+1 5
-1 9
+1 9
+2 7
+1 7
+2 7
+1 14
+5 7
+1 7
-1 7
+1 9
+5 2
+1 2
+1 2
+1 2
+2 2
+2 2
+1 2
+2 2
+6 14
+4 14
+12 2
+2 2
+1 2
+26 2
+1 2
+3 2
+1 2
+1 2
+5 2
+2 2
+1 2
+1 2
+1 2
+2 2
+1 2
+1 2
+1 2
+2 2
+1 2
+2 2
+22 2
+2 2
+2 1
+7 1

fl=(40) /build/glibc-ryFjv0/glibc-2.21/elf/dl-version.c
fn=(148) _dl_check_all_versions
380 6
+4 6
+2 28
cfn=(150) _dl_check_map_versions
calls=4 189 
* 2756
-2 4
+2 12
-1 4
-1 8
+5 7

fn=(150)
189 12
-15 36
+17 4
+3 12
-3 4
+2 4
+1 4
+2 4
-3 4
+3 8
+3 4
+4 2
-4 2
+4 10
+17 2
56 4
220 2
56 10
+1 5
-1 10
+2 21
cfi=(33)
cfn=(102)
calls=7 288 
* 510
* 16
228 6
+5 16
+19 3
-15 82
cfn=(152) match_symbol
calls=3 76 
* 503
* 8
cfn=(152)
calls=2 76 
* 306
* 5
+7 30
+3 15
+9 12
+14 4
+3 8
+10 26
-7 104
+3 78
-3 8
+3 6
+8 9
+87 8
-81 12
cfi=(15)
cfn=(32)
calls=3 102 
* 138
* 3
+1 3
-2 3
+2 3
+11 3
+2 3
-5 3
+3 3
+2 3
-2 3
+2 3
+3 8
+4 6
+18 3
-15 9
+2 9
-2 6
+2 6
+2 5
+1 5
-1 10
+1 5
-1 5
+1 5
+1 5
-2 5
+2 10
+1 15
+3 15
+8 6
+10 9
+3 8
+20 26
-14 26
-2 26
+2 28
-2 2
+2 2
+4 26
+2 26
-1 52
+1 26
-1 78
+1 26
+1 26
+3 84
+10 27
183 2
-8 2
+95 4
-80 2

fn=(152)
76 55
+9 5
-8 5
-1 10
+1 5
+8 5
+6 15
+15 5
+1 10
+2 5
+5 10
+14 58
+12 72
+4 24
-30 48
+16 5
+3 20
cfi=(17)
cfn=(50)
calls=5 -2 
* 402
* 10
+35 40

fl=(1) ???
fn=(0) 0x0000000000000cd0
0 2
cfi=(2)
cfn=(2) _dl_start
calls=1 338 
0 97186
0 14
cfi=(51)
cfn=(206)
calls=1 80 
0 1567
0 3
cob=(5)
cfi=(62)
cfn=(246) _start
calls=1 0 
0 8805241345

fl=(9)
fn=(18)
26 14
+1 14
+1 14
+1 14
+2 7
+1 7
+2 7
+1 7
-1 25
+1 25
+1 31
+1 31
+1 31
+2 26
+5 13
+1 13
+1 13
+1 13
+3 13
-6 4
+1 4
+1 4
+1 4
+3 4
+1 15
+1 15
+1 15
+2 15
+3 13
+1 13
+1 13
+1 13
+3 13
+1 8
+1 8
+1 8
+2 8
+3 7
+1 7
+1 7
+1 7
+3 7
+1 7
+1 7
+1 7
+2 7
+3 7
+1 7
+1 7
+1 7
+3 7
+1 5
+1 5
+1 5
+2 6
+3 1
+2 1
+1 1
-3 12
+2 12
+1 12
+1 13
+2 13
+1 13
+1 13
+2 13
+1 13
+1 10
+2 10
+1 10
+1 9
+2 9
+2 9
+1 9
+1 9
+2 9
+1 9
+1 8
+2 8
+1 8
+1 6
+2 6
+1 6
-1 8
+1 8

fl=(2)
fn=(46)
689 10

fn=(94)
649 8

fn=(22)
742 1
+19 1
-19 9
+19 1
+3 1
-22 1
2357 1
742 1
+22 1
+4 2
+1 2
+5 2
2350 2
+7 4
-4 1
-1 1
+5 8
+2 2
cfi=(11) /build/glibc-ryFjv0/glibc-2.21/elf/dl-environ.c
cfn=(24) _dl_next_ld_env_entry
calls=1 30 
* 84
* 4
cfi=(11)
cfn=(24)
calls=2 30 
* 383
* 9
+4 46
+1 19
-1 57
+3 4
+6 14
+74 4
cfi=(12)
cfn=(26)
calls=1 315 
* 132
* 2
+2 3
-55 4
cfi=(12)
cfn=(26)
calls=1 315 
* 27
* 2
2521 1
2359 1
2521 2
+30 2
784 4
985 7
cfi=(13)
cfn=(28)
calls=1 61 
* 244
+2 1
-2 1
+2 1
+1 1
+1 1
+5 2
-5 1
+1 3
+4 1
cfi=(13)
cfn=(44)
calls=1 32 
* 34
+1 2
751 1
1024 1
-3 1
-5 1
+1 1
+2 1
+5 7
+56 5
-55 24
-1 27
+1 47
1127 5
+3 2
+2 2
+2 2
+13 3
+1 7
cfi=(17)
cfn=(50)
calls=1 131 
* 7
* 2
+7 1
+3 1
-5 1
+3 1
+2 1
+1 2
+4 2
+2 2
fi=(3)
30 1
+9 2
+6 1
-2 1
+2 2
+15 1
+5 1
+3 1
+2 1
-3 1
-3 1
-3 14
+10 3
-26 9
+16 19
+10 19
-26 57
+26 1
-26 3
+2 46
+13 16
+2 4
+16 3
+38 3
+5 2
+7 2
+1 3
+16 3
+14 3
+18 2
fe=(2)
1170 2
cfi=(6)
cfn=(10)
calls=1 897 
* 23
+3 4
fi=(18) /build/glibc-ryFjv0/glibc-2.21/elf/setup-vdso.h
24 2
fe=(2)
1195 1
cfi=(19)
cfn=(56)
calls=1 45 
* 85
* 8
-75 2
+1 2
+1 1
-6 2
+1 1
-88 3
+1 1
+16 1
-2 2
+27 1
-25 1
+7 2
-10 1
+10 1
+27 2
-1 2
+1 4
-1 2
+2 4
+1 2
+3 1
+1 2
-4 1
+3 1
+1 2
+1 2
+1 6
+1 2
-55 3
+1 1
fi=(3)
65 4
+3 4
+1 1
+1 3
fe=(2)
2400 4
cfi=(12)
cfn=(26)
calls=1 315 
* 87
* 2
+2 3
1200 2
cfi=(21)
cfn=(60)
calls=1 659 
* 1676
+3 3
cfi=(29)
cfn=(84)
calls=1 50 
* 17
+7 1
-7 1
+2 1
+5 1
+3 3
+1 1
+3 1
-3 3
+1 2
+3 1
+5 1
-7 1
+7 1
+1 5
+17 2
+1 2
+5 1
-3 4
+2 2
+1 3
+5 3
+1 5
+2 2
+1 2
+5 2
+5 1
757 1
1266 2
1443 1
cfi=(30)
cfn=(86)
calls=1 115 
* 4
* 1
+8 3
+3 1
+4 3
+5 1
+1 1
cfi=(29)
cfn=(88)
calls=1 74 
* 1
+1 1
+4 3
+15 3
+4 1
-2 1
+2 2
+31 3
cfi=(23)
cfn=(64)
calls=1 81 
* 9
* 2
+77 1
1485 1
1596 3
+17 3
+1 1
-1 1
+1 2
-1 1
+1 5
cfi=(37)
cfn=(126)
calls=1 161 
* 8578
+1 1
+5 1
-5 3
+2 2
+3 4
+1 4
-1 2
+1 12
-1 6
+4 3
+1 3
+1 1
+2 2
+1 13
-1 6
-28 5
+1 1
-1 3
+4 3
+1 1
+1 2
+1 4
+35 1
-1 2
+1 1
+2 1
+2 3
+2 1
-4 1
+5 1
-1 2
+14 2
+1 2
+1 3
+11 1
+2 1
-2 1
+2 2
-1 1
+1 1
-2 3
+2 1
cfi=(31)
cfn=(144)
calls=1 205 
* 2871
+10 1
+1 1
-1 1
+1 1
+1 1
cfn=(154) init_tls
calls=1 581 
* 591
* 1
+2 2
704 1
fi=(41) /build/glibc-ryFjv0/glibc-2.21/elf/../sysdeps/unix/sysv/linux/dl-osinfo.h
64 2
fe=(2)
706 1
+6 3
fi=(41)
77 1
fe=(2)
717 1
+2 1
+6 1
1696 2
1926 3
2096 4
+2 1
+5 2
cfi=(30)
cfn=(196)
calls=1 450 
* 231
+3 2
+9 3
+2 2
+15 1
+3 1
-3 1
+3 1
-3 2
+3 2
-3 1
+2 1
+1 1
cfi=(42)
cfn=(162)
calls=1 154 
* 5089
+1 4
+2 2
+8 1
cfi=(7)
cfn=(198)
calls=1 256 
* 1
+4 3
+20 3
cfi=(29)
cfn=(84)
calls=1 50 
* 8
+1 1
-1 1
+2 1
cfi=(29)
cfn=(88)
calls=1 74 
* 1
+1 1
+4 1
cfi=(39)
cfn=(200) _dl_unload_cache
calls=1 322 
* 15
+5 8
2047 3
+7 1
+2 3
+19 1
-19 4
+2 1
+2 12
+5 8
+2 8
+6 4
+2 8
+1 24
cfi=(42)
cfn=(162)
calls=3 154 
* 71046
+4 14
-22 10
+25 5
+2 1
+6 1
-6 1
+6 1
-10 2
cfi=(30)
cfn=(194)
calls=1 889 
* 20
* 1
-12 1
+1 1
-3 2
-85 1
+11 1
-7 1
-4 1
+4 3
+4 2
+3 1
1495 2
cfi=(9)
cfn=(18)
calls=1 26 
* 93
* 9
cfi=(16)
cfn=(42)
calls=1 61 
* 69
* 1
+3 6
+3 3
cfi=(15)
cfn=(76)
calls=1 338 
* 766
* 3
cfi=(15)
cfn=(76)
calls=1 338 
* 6
* 6
+1 2
+1 3
+2 4
cfn=(90) do_preload
calls=1 655 
* 2557
* 2
+2 6
+2 3
1639 2
1189 3

fn=(2)
338 9
+18 4
fi=(5)
58 1
fe=(2)
356 1
fi=(3)
45 1
fi=(5)
+13 2
fe=(2)
382 1
fi=(3)
45 1
fe=(2)
379 1
fi=(3)
45 1
+25 2
-3 1
-7 1
+5 1
+3 1
+2 1
-3 1
-3 1
-3 2
-13 26
+23 13
-26 39
+26 1
-26 3
+2 36
+13 20
+1 16
+10 4
-26 12
+33 2
+20 4
+1 4
+1 4
+1 4
+2 4
+5 4
+1 4
+1 4
+6 3
+5 2
+7 3
+1 3
fe=(2)

ob=(3)
fl=(44)
fn=(176)
196 2
+1 2
+2 2
31 2
+6 1
-6 1
+7 1
-1 1
+28 1
-27 1
+27 1
-28 1
+2 1
-1 1
+1 1
+26 1
+1 1
-35 3
+35 2
+5 1
-12 1
+12 1
+3 1
+1 7
+52 1
+4 1
-72 1
+72 1
-26 2
+92 2

fl=(83) /build/glibc-ryFjv0/glibc-2.21/malloc/hooks.c
fn=(342) malloc_hook_ini
29 2
fi=(84) /build/glibc-ryFjv0/glibc-2.21/malloc/arena.c
358 1
fe=(83)
29 2
fi=(84)
358 1
fe=(83)
30 1
fi=(84)
358 1
fe=(83)
30 1
fi=(84)
358 1
fi=(82) /build/glibc-ryFjv0/glibc-2.21/malloc/malloc.c
2889 2
+2 8
+4 3
cfn=(360) _int_malloc
calls=1 3296 
* 1002
+1 1
-1 1
+1 1
+11 4
+1 9
fe=(83)
33 5
cfi=(84)
cfn=(344) ptmalloc_init.part.7
calls=1 356 
* 57753
* 1
fi=(82)
2886 2
fe=(83)

fl=(90)
fn=(368)
31 13
-3 13
+3 91
+8 13
-6 26
+7 13

fl=(101) /build/glibc-ryFjv0/glibc-2.21/posix/../sysdeps/unix/sysv/linux/_exit.c
fn=(468) _Exit
28 2
+4 1
+2 2

fl=(76)
fn=(312)
81 10
+1 2

fl=(59)
fn=(234)
561 1
-13 3
+13 2
+7 2
+2 3
cfn=(236) handle_intel
calls=1 304 
* 438
+4 2
-4 1
+4 1
cfn=(236)
calls=1 304 
* 530
+2 1
-2 1
-1 1
+3 1
+29 1
-18 1
+18 3
+7 2
+9 4
-9 4
+9 12
-9 12
+6 4
-6 4
+6 4
+49 4
+1 4
+74 2
+2 1
+1 1
+2 1
-3 1
+5 1
-5 1
+4 3
+4 2
+2 1
+1 1
+2 1
-3 1
+5 1
-5 1
+4 2
+3 1
-3 1
+3 3
623 1
+6 5
+7 5
+4 1
-2 1
+2 1
-4 4
+4 1
-2 1
+2 5
+2 2
-6 2
+6 2
+5 1
+2 2
+1 1
-1 3
+1 1
+5 2

fn=(238) intel_check_word
162 8
+6 4
-7 20
+7 16
-7 4
+7 4
+2 4
-2 4
+2 12
+2 4
+2 8
-2 6
+2 12
+8 20
+51 16
fi=(60) /build/glibc-ryFjv0/glibc-2.21/string/../bits/stdlib-bsearch.h
27 8
+1 16
+3 16
+1 8
fe=(59)
150 16
fi=(60)
31 12
+1 6
fe=(59)
150 12
+3 54
fi=(60)
29 44
+2 44
-2 44
+2 80
+1 40
fe=(59)
150 80
293 8
170 16
-6 2
298 24
fi=(60)
37 10
-8 24
fe=(59)
194 6
+3 6
+4 4
+2 4
+1 4
-1 4
+1 6
+2 2
-1 2
+1 3
-12 2
+12 2
+1 10
+1 10
+1 6
+17 3
-32 9
+3 9
+4 6
+2 12
+1 6
+1 6
+1 6
+5 2
+2 4
+2 2
+3 2
-3 4
+2 2
-1 2
+1 6
-1 8
-1 4

fn=(236)
304 4
-1 4
+17 2
-17 12
+14 2
+1 4
-3 6
+23 10
cfn=(238)
calls=2 162 
* 646
+1 4
+3 10
cfn=(238)
calls=2 162 
* 224
+1 4
-17 4
+5 2
-5 4
+5 2
+2 2
+1 2
-1 4
+27 16

fl=(68)
fn=(282)
26 1
+9 1
+1 2
+1 1
+4 1
+1 1
+1 1
+1 1
+1 1
+2 2
+2 1
+1 1
+1 1
+2 2
+2 1
+9 1
cfi=(69) /build/glibc-ryFjv0/glibc-2.21/setjmp/sigjmp.c
cfn=(284) __sigjmp_save
calls=1 -35 
* 9

fl=(61)
fn=(242)
33 3
+1 1

fl=(94) /build/glibc-ryFjv0/glibc-2.21/stdio-common/_itoa.c
fn=(390) _itoa_word
168 12
+2 6
+9 186
+9 6

fl=(53)
fn=(222)
52 8
+6 3
+14 1
fi=(55) /build/glibc-ryFjv0/glibc-2.21/csu/../sysdeps/unix/sysv/linux/x86_64/init-first.c
-34 1
fe=(53)
+32 1
+1 1
fi=(55)
-33 3
fe=(53)
+34 1
fi=(55)
-34 3
fi=(54) /build/glibc-ryFjv0/glibc-2.21/csu/../sysdeps/generic/dl-hash.h
+10 3
+1 2
+13 2
-17 3
+3 9
+1 6
+13 6
-17 9
+22 1
fi=(55)
-29 2
+2 2
-2 1
+2 2
cfi=(47)
cfn=(182)
calls=1 -13 
* 6
+1 2
+5 2
-3 2
+1 1
+2 1
cfi=(47)
cfn=(182)
calls=1 -19 
* 6
+4 2
fe=(53)
+36 1
fi=(55)
-36 1
fe=(53)
+36 2
fi=(55)
-35 2
+1 1
fe=(53)
+34 1
cfi=(56) /build/glibc-ryFjv0/glibc-2.21/misc/init-misc.c
cfn=(228) __init_misc
calls=1 -55 
* 48
+8 1
cfi=(58)
cfn=(232)
calls=1 -63 
* 16
+5 6
-34 1
-7 1
+7 4
fi=(55)
-23 2
fe=(53)

fl=(69)
fn=(284)
29 2
-1 2
+1 2
+5 3

fl=(92)
fn=(378)
222 24
+35 9
1278 10
+4 15
+11 15
+11 3
fi=(103) /build/glibc-ryFjv0/glibc-2.21/stdio-common/printf-parse.h
108 6
fe=(92)
1304 15
fi=(103)
108 3
cfi=(93) /build/glibc-ryFjv0/glibc-2.21/string/../sysdeps/x86_64/strchr.S
cfn=(380) strchrnul
calls=3 -84 
* 60
fe=(92)
1319 3
fi=(103)
108 3
fe=(92)
1315 3
+4 6
+4 21
cfi=(73)
cfn=(382) _IO_file_xsputn@@GLIBC_2.2.5
calls=3 -55 
* 824
* 9
2090 15
+3 3
+1 24
1278 4
+41 21
+1 45
2090 15
+1 9
1323 6
+4 3
-4 3
+4 6
+4 6
2083 6
+2 9
+2 6
1331 9
270 3
-6 3
-3 3
1308 3
+23 3
1561 6
-21 9
2036 3
1300 3
227 6
1379 45
-3 3
-1 3
-17 3
+1 3
+1 3
+16 3
-15 3
+1 3
+1 3
+1 3
+1 3
+1 3
+1 3
+1 3
+3 3
+1 3
+7 6
1661 6
+8 3
fi=(103)
108 3
fe=(92)
1669 3
fi=(103)
108 3
fe=(92)
1669 3
fi=(103)
108 3
cfi=(93)
cfn=(380)
calls=3 -84 
* 60
fe=(92)
1673 3
-4 3
+4 21
cfi=(73)
cfn=(382)
calls=3 1268 
* 633
* 9
-10 3
+10 24
+2 6
-34 159
cfi=(73)
cfn=(382)
calls=3 1268 
* 291
* 57
cfi=(94)
cfn=(390)
calls=3 168 
* 210
* 168

fl=(49)
fn=(190)
51 1
-51 9

fl=(73)
fn=(462)
438 2
+1 1
cfi=(72)
cfn=(464)
calls=1 557 
* 51
* 2
+4 2
-1 2
+2 3
+2 1
+1 2

fn=(384)
795 36
+1 12
-1 12
+1 24
+7 80
+35 24
+3 16
+3 24
+1 24
+1 16
+4 8
+1 32
-45 2
+12 2
+9 4
+4 1
+3 1
-2 1
+2 1
-2 1
-3 1
+5 1
+1 2
-5 1
+5 4
+1 2
+3 4
+1 4
+11 12
-12 4
cfn=(386) _IO_do_write@@GLIBC_2.2.5
calls=4 482 
* 283
-31 2
cfi=(72)
cfn=(304)
calls=1 415 
* 113
+1 6

fn=(382)
1268 18
+7 9
-7 54
+6 18
+7 54
+17 4
+4 17
+5 40
cfi=(95) /build/glibc-ryFjv0/glibc-2.21/string/../sysdeps/x86_64/memcpy.S
cfn=(392) __GI_mempcpy
calls=8 61 
* 164
* 8
+6 8
-1 8
+1 16
+2 16
+27 18
+1 72
-45 2
+17 2
+4 16
cfn=(384)
calls=4 795 
* 512
* 8
+6 8
+1 24
+2 12
+11 8
+1 4
cfi=(72)
cfn=(388)
calls=1 451 
* 403
* 2
-57 24
+1 16
+3 24
+2 87
-2 60
+4 12

fn=(394) _IO_file_write@@GLIBC_2.2.5
1244 21
+2 15
+11 3
+1 3
-12 6
+5 3
-1 9
+1 6
cfi=(77) /build/glibc-ryFjv0/glibc-2.21/io/../sysdeps/unix/syscall-template.S
cfn=(396) write
calls=3 81 
* 21
+1 6
+9 9
+3 27

fn=(318) _IO_file_read
1204 288
cfi=(77)
cfn=(320) read
calls=72 81 
* 504

fn=(466)
856 1
+5 1
-5 1
+5 3
+2 1
+1 2
+17 2
+4 2

fn=(386)
482 12
+1 1
-3 24
+11 6
+7 12
+8 15
cfn=(394)
calls=3 1244 
* 129
* 3
+1 15
+6 3
-4 3
+4 3
-4 9
+1 6
+3 3
-31 6
+29 3
-29 6
+1 18
+29 6

fn=(302)
527 216
+6 216
-14 288
+17 144
+13 144
+20 144
cfi=(72)
cfn=(316)
calls=72 183 
* 1440
+6 72
+5 288
-5 144
+1 72
+2 72
-1 144
+3 72
cfn=(318)
calls=72 1204 
* 792
+2 144
+16 71
-9 71
+9 142
+2 142
+1 284
-16 1
-1 1
+1 2
+10 1
+6 1
-5 1
+5 3
-62 3
+5 2
cfi=(72)
cfn=(304)
calls=1 415 
* 101
* 2

fn=(308)
1217 2
+1 6
cfi=(75)
cfn=(310)
calls=2 34 
* 20

fl=(70) /build/glibc-ryFjv0/glibc-2.21/stdio-common/isoc99_scanf.c
fn=(294) __isoc99_scanf
27 550011
+5 650013

ob=(1)
fl=(2)
fn=(2)
fi=(3)
137 3
+2 3
+3 2
+1 2
fe=(2)
393 2
287 1
400 1
287 1
cfi=(6)
cfn=(10)
calls=1 897 
* 23
+1 2
+1 2
+1 2
+1 2
+8 1
+9 1
-9 3
+9 1
-6 1
-3 1
+9 1
cfi=(7)
cfn=(12)
calls=1 86 
* 96508
* 1
+9 5
+3 1
+4 1
-4 1
+4 1
425 9
fi=(3)
62 4
+3 4
fe=(2)
398 26
fi=(4)
84 1
+27 1
-28 1
+28 2
+1 2
fi=(5)
493 2
fi=(4)
112 18
fi=(5)
493 18
+1 20
fi=(4)
111 20
fi=(5)
494 10
fi=(4)
111 10
+5 2
+8 1
fi=(5)
288 1
fi=(4)
124 2
+13 1
+2 2
-2 1
fi=(5)
242 1
fi=(4)
137 1
fi=(5)
270 1
fi=(4)
137 2
fi=(5)
270 1
fi=(4)
137 6
+2 12
-2 6
fi=(5)
242 6
fi=(4)
137 6
fi=(5)
270 6
fi=(4)
137 12
fi=(5)
270 6
+9 14
+3 7
-3 14
+3 21
+6 42
fi=(3)
68 4
+1 1
+1 2
fi=(5)
392 7
+9 7
fi=(4)
124 22
fe=(2)

fn=(154)
581 1
-1 1
-6 1
+2 2
+4 1
+10 4
cfi=(15)
cfn=(32)
calls=1 102 
* 38
* 1
+11 1
-15 1
+3 1
+6 1
+2 1
-11 1
+15 1
+2 1
-1 1
+1 10
+2 8
+4 1
+2 1
-2 2
-5 8
+9 3
+3 1
cfi=(30)
cfn=(156)
calls=1 138 
* 70
+7 1
cfi=(30)
cfn=(158)
calls=1 354 
* 412
+1 1
-1 1
+1 1
+6 1
+3 1
-3 1
+3 6
+3 1
+2 1
+1 2

fn=(98)
481 1
+2 1
-2 1
+3 2
-1 3
+1 3
cfi=(21)
cfn=(100)
calls=1 2141 
* 2453
* 1
+2 2

fn=(48)
695 10

fn=(90)
655 4
+12 1
-12 2
+10 1
-4 1
+1 1
+5 4
-10 1
+6 1
+4 1
cfi=(31)
cfn=(92)
calls=1 163 
* 2529
+1 3
+8 3
+6 5

fn=(146)
514 2
+2 4
cfi=(40)
cfn=(148)
calls=1 380 
* 2831
* 2
+4 2

fl=(15)
fn=(40)
51 66
+1 87
+11 21
+1 21
-1 21
+3 21
-3 21
+3 42
-3 1
+1 1
-1 1
+3 1
-3 1
+3 78
+4 12
+1 6
+6 24
cfi=(25)
cfn=(68)
calls=3 +4 
* 18
+2 15
+4 9
+3 3
+1 3
+2 15
-3 19
+1 19
+2 95
-31 3
+1 1
-2 3

fn=(76)
338 8
+2 4
+1 8
+4 132
+7 366
-2 244
+13 2
+4 4
-7 61
-15 187

fn=(32)
102 8
+8 8
-1 16
-3 8
+4 16
+3 8
cfn=(36)
calls=8 -20 
* 262
* 8

fn=(82)
121 2
+7 1

fn=(36)
93 21
+1 42
cfn=(40)
calls=21 -43 
* 579
* 21

fl=(64)
fn=(256)
66 28
+6 14
-6 7
+3 14
+3 21
-4 7
+5 42
+1 7
-1 7
+1 14
+5 14
+4 14
+4 21
+4 12
+1 24
+2 24
+7 12
-1 6
+1 8
-1 1
+1 1
+7 14
+3 63
cfi=(6)
cfn=(168)
calls=7 752 
* 5536
* 7
+4 35
+4 28
+6 42
+16 7
-8 7
+8 21
+4 21
fi=(5)
+66 7
fe=(64)
-62 35
-64 2

fl=(39)
fn=(140) _dl_cache_libcmp
138 21
+1 16
+2 72
+2 36
-2 36
+2 2
+6 1
+2 1
-2 1
+1 2
+1 4
+2 5
+2 2
+6 70
+2 128
+4 29
+1 29
-29 58

ob=(3)
fl=(70)
fn=(294)
32 350007
+4 50001
-2 50001
+3 200004
-1 250005
+1 50001
cfi=(71)
cfn=(296)
calls=50001 207 
* 38746649
fi=(81) /build/glibc-ryFjv0/glibc-2.21/stdio-common/../libio/libioP.h
900 50001
+1 50001
fe=(70)
37 50001
fi=(81)
901 50001
+1 400008
fe=(70)
44 250005

fl=(48)
fn=(186)
30 1
-1 1
+1 6
fi=(46)
+18 3
+1 2
+13 2
-17 3
+3 9
+1 6
+13 6
-17 9
+22 1
fe=(48)
-37 2
+3 2
-3 1
+3 1
cfi=(47)
cfn=(182)
calls=1 -6 
* 6
+1 3
+1 2

fl=(93)
fn=(380)
24 6
+1 6
+1 6
+1 6
+1 6
+1 6
+1 6
+1 6
+1 6
+1 6
+1 6
+1 6
+1 6
+1 6
+1 6
+1 6
+1 6
+1 6
+2 6
+7 6

fl=(77)
fn=(320)
81 144
cfn=(322) __read_nocancel
calls=72 * 
* 360

fn=(396)
81 6
cfn=(398) __write_nocancel
calls=3 * 
* 15

fn=(322)
81 360

fn=(398)
81 15

fl=(82)
fn=(362) malloc_consolidate
4111 2
4953 4
1789 3
-3 2
+3 378
-3 252
+7 3
+5 1
+2 1
-2 2
-1 3

fn=(340) malloc
2880 150000
+5 100000
+1 100000
+3 149997
+2 399992
+4 149997
cfn=(360)
calls=49999 3296 
* 7601289
+1 49999
-1 49999
+1 49999
+11 199996
+1 449991
+3 199996
-24 1
+24 3
-24 1
cfi=(83)
cfn=(342)
calls=1 29 
* 58802

fn=(360)
3296 350000
+30 400000
+8 249997
+4 99998
-1 49999
+5 99998
+29 250000
-45 150000
+48 50000
+2 150000
+2 2
+39 2
cfn=(362)
calls=1 4111 
* 651
3784 50000
+2 100000
-2 50000
+2 100000
-2 50000
+2 400000
4959 50000
3786 900000
4959 100000
3436 250000
3570 100000
+73 100000
+1 100000
+1 100000
+1 100000
+1 100000
+5 300000
+4 150000
+3 200000
-3 150000
+3 200000
-3 150000
+3 200000
-3 100000
3759 50000
+3 50000
-2 150000
+2 100000
+17 24
+21 450000
3326 12
2272 60
+11 12
-11 12
+11 12
+87 12
-9 12
+9 36
-9 12
+9 14
+9 36
2701 24
+1 12
+5 24
+3 24
+5 12
-3 12
+3 12
-2 12
+2 36
-1 12
+1 12
+1 12
-1 24
+3 12
-2 12
3795 24
1863 36
3760 12
-1 12
2273 24
+97 77
+6 33
3767 49988
-3 49988
+1 49988
+2 49988
-1 49988
+1 99976
+2 49988
-2 199952
+2 49988
+3 49988
1863 149964
2453 12
-19 12
+8 12
+11 12
-19 12
+19 48
-11 12
+11 24
+8 12
-8 12
+8 12
+2 36
cfi=(88)
cfn=(364)
calls=12 46 
* 556
* 12
+1 12
+3 24
+3 24
+1 24
+19 12
+27 24
+1 1
+1 2
+6 1
-6 1
+6 1
-6 22
+6 11
-6 11
+6 33
+1 66
-32 2
+34 6
+42 3
+19 1
+3 3
+1 3
+2 1
-2 1
+2 1
+1 3
cfi=(88)
cfn=(364)
calls=1 46 
* 25
+12 1
-12 1
+12 1
+8 3
+1 2
+38 1
+2 1
-1 1
-1 1
+1 3
+12 1
-12 1
+1 1
+11 1
-98 3

fl=(84)
fn=(344)
356 6
+13 1
-8 1
+8 1
+7 2
+1 2
-1 1
+1 10
cfi=(87)
cfn=(356)
calls=1 118 
* 9
+2 5
+16 2
-58 72
-18 219
+2 144
+1 4
+1 4
440 2
+6 2
+1 2
+2 1
+1 7
-80 5
cfi=(85)
cfn=(346)
calls=1 126 
* 57245
* 2
+1 4

fl=(57) /build/glibc-ryFjv0/glibc-2.21/string/../sysdeps/x86_64/strrchr.S
fn=(230) rindex
24 1
+1 1
+1 1
+1 1
+1 1
+1 1
+1 1
+1 1
+1 1
+1 1
+1 1
+1 1
+1 1
+1 1
+1 1
+1 1
+1 1
+1 1
+1 1
+1 1
+1 1
+1 1
+1 1
+1 1

fl=(96)
fn=(404)
104 1
-1 1
+1 2
cfn=(406) __run_exit_handlers
calls=1 -69 
* 2652

fn=(406)
35 8
+5 1
cfi=(97)
cfn=(408)
calls=1 +42 
* 1032
* 1
+6 8
+4 6
+3 1
-1 1
+2 5
+33 1
+1 1
-1 1
+1 1
+6 2
+1 5
cfi=(72)
cfn=(458)
calls=1 1010 
* 256
* 3
+2 2
cfi=(101)
cfn=(468)
calls=1 -69 
* 5
-19 1
+4 1
-4 1
+2 1
+2 1
-2 2
+2 1
cob=(1)
cfi=(98)
cfn=(416)
calls=1 +49 
* 1303
+1 1

fl=(95)
fn=(392)
61 8
+4 8

ob=(1)
fl=(39)
fn=(140)
171 2
-7 18

fn=(136)
185 9
+8 2
+3 3
+51 2
+9 1
+6 2
-6 4
+6 1
cfi=(23)
cfn=(64)
calls=1 81 
* 9
* 1
+4 4
+15 97
cfn=(140)
calls=6 138 
* 461
* 40
cfn=(140)
calls=1 138 
* 72
* 4
-14 3
+14 1
-14 1
-1 3
+15 29
+16 2
+4 2
+8 3
cfi=(9)
cfn=(18)
calls=1 26 
* 81
* 2
+1 1
-1 4
+1 2
cfi=(16)
cfn=(42)
calls=1 61 
* 84
+1 2
cfi=(28)
cfn=(78)
calls=1 40 
* 138
+1 8
-31 3
-82 4
cfi=(33)
cfn=(138)
calls=1 45 
* 67
+8 1
-8 1
+8 4
+1 4
cfi=(12)
cfn=(26)
calls=1 315 
* 123
* 2
+7 1
-3 1
+3 3
+3 1
+1 2
-1 1
+1 1
+1 3
cfi=(12)
cfn=(26)
calls=1 +95 
* 112
* 2
+9 3

fn=(200)
322 4
-1 1
+3 2
cfi=(25)
cfn=(202)
calls=1 81 
* 5
+1 1
+2 2

fl=(10)
fn=(20)
34 4
+8 3

ob=(3)
fl=(95)
fn=(392)
68 8
+1 8
+2 8
+1 8
+2 8
+1 8
+5 8
+1 8
+11 8
+1 8
+2 5
+1 5
+2 5
+1 5
+5 5
+1 5
-1 3
+1 3
+11 8
+1 8
+21 8
+4 8

fl=(56)
fn=(228)
31 2
-1 3
+1 4
+2 3
cfi=(57)
cfn=(230)
calls=1 -9 
* 24
+4 5
+1 3
+2 4

fl=(43)
fn=(174)
114 1
+1 1
+1 1
cfi=(44)
cfn=(176)
calls=1 -62 
* 93
+3 1
+1 1
+1 1
+11 1

fn=(184)
140 1
+1 1
+4 1
+1 1
+1 1
+11 1

fl=(47)
fn=(182)
27 8
+4 8

ob=(1)
fl=(10)
fn=(20)
42 3
+4 2
+11 5

fl=(11)
fn=(24)
30 3
+3 10
+13 70
-13 210
+2 144
+1 20
+5 2
-3 2
+3 2
+2 2
-12 1
+19 1

ob=(3)
fl=(47)
fn=(182)
28 8

ob=(5)
fl=(62)
fn=(420)
0 5
cfn=(424) 0x00000000004005c0
calls=1 0 
0 8
0 3

fn=(288) read
0 550011
cob=(3)
cfi=(70)
cfn=(294)
calls=50001 27 
0 41746709
cob=(1)
cfi=(63)
cfn=(254)
calls=1 58 
0 896
0 50005
0 450010

fn=(286)
0 150005
cfn=(334) insert
calls=50000 0 
0 8760535866
0 100002
cfn=(288)
calls=50001 0 
0 42797631
0 150005
cfn=(370) findLen
calls=1 0 
0 300011
0 4
cob=(3)
cfi=(91)
cfn=(376)
calls=1 28 
0 1386
cob=(1)
cfi=(63)
cfn=(254)
calls=1 58 
0 798
0 5
0 2
cfn=(400) findMax
calls=1 0 
0 450047
0 4
cob=(3)
cfi=(91)
cfn=(376)
calls=1 28 
0 854
0 1
0 2
cfn=(402) findAvg
calls=1 0 
0 750028
0 4
cob=(3)
cfi=(91)
cfn=(376)
calls=1 28 
0 854
0 1
0 3

fn=(370)
0 600022

fn=(246)
0 11
cob=(3)
cfi=(65)
cfn=(260)
calls=1 134 
0 8805240374
cob=(1)
cfi=(63)
cfn=(254)
calls=1 58 
0 955
0 5

fn=(266)
0 16
cob=(2)
cfi=(14)
cfn=(268)
calls=1 0 
0 6
0 7
cfn=(272) 0x0000000000400660
calls=1 0 
0 16
0 11

fn=(334)
0 400002
cob=(3)
cfi=(82)
cfn=(340)
calls=1 2880 
0 58814
cob=(1)
cfi=(63)
cfn=(254)
calls=1 58 
0 798
0 5
0 8749775010
cob=(3)
cfi=(82)
cfn=(340)
calls=49999 2880 
0 9651248
0 49999
0 599990

fn=(402)
0 450011
cfn=(370)
calls=1 0 
0 300011
0 6

fn=(272)
0 16

fn=(400)
0 450047

fn=(424)
0 8

totals: 8805340117
